410 110111Τ11 82

Ν881 pavor 81188111 810818188101881 epus

Virtutem 88811181 81181 naturane don0i3 100
Quid minuat 811181, 881818 iiii 188811 1811881115

’ Quid 8818 1188881081, 118881 1888188 1888111181,

An secretum 118111 11118801 1881811111. ·

. Mo quoties 181811 gelidus Digentia rivus,

11811118. Poti- 11118. 1188188. 1711. 18118188811. 1181188881 1118111111.
18118. orei. (881 811.) 0111181818. 01118. Palm. 1818111 11. ifle 1111.
818118, 8888181181 8181. 18 811111. 98. 811118. 888, 08181. 8. D. Pott.
zeitschr. 1. 8. Α.“ 1884. 8. 1044. 81 18.15.18.18. 19. 21. 01111. 8., 8
11181111 8. 811. 111811 888888 Fu 8811111 8818111 08111. 8111. 081111.
8818 1118881. 811188. ,1111818181- 811811. 8181881181. 8118118-
1881018, 8888 quidam 118111 fuciunt, 181. 11888. 11118181. 888. 8118 1.18-
1811118818111 88111. Non 11. 1111. 1181811 Ven. 477. 79. 81. 88. 88.
hub. 1118. 0188. 2. Pulm- 4. 7. 8181.482.11181.491.98. 501. 118811.
81118. 1181. ’1818 88. Vni. 1181. 498. Ne 88811. 1111. 1811 81 18111,
08811.1).818.1.111.5.8.1811.12. 118 08811. 11. 0. 81 81 118. non. 1.
1815181811. 01111. 8. (188 8. 11181. ut 18811. Ν18 pam. 1111.
81011811 1118118181181) 0881188111. 1118. hamb. Torr. 811. Nu pavor.
81181. 1. 8811. 1. 081111. 8181. 11181. 08111. 0. - 1111 1818181188. 8. -.-
1.1188.1.118.81118.18.0881.11 V. 100. prat-.- 111181. 1188.1.-···
18. 881111.. 888818111118181181,181· 18111881. 111. 811118. 88. 08111. 1).
probat 1188111111. 81 8888811111 11. F. 11888. 1188811. 517. 1181888111.
1881811181 81. interpp. 18 08. 1, 11881188. 01188. - V. 101. Qui· ··
14, 1810811888. 49. 11 Ellendt. 811. 1181. 1. Qui 1111. 1881. 1. 111·
18018. 8101. 888259. Neu. 1111. 11111.118.8“8.5,1. 118181. (8811. 8)
1111111.18118. 0118. 8 8. 11. 811111. ,- 118881 mic. 8181. 18 8118118.
88. 81811. 811111 11811, val. 1118. 1.11181.1881881188118811181 111.
08811. 8. 11. 0. 111. complut. 11. 4. V. 102. 88 81188. Dubia ampitio
0811. 888, 118811. 498. 118. 501. 19. 8811181811, 88181 inprobant 01111. 81
1181. 514. 19. lamb. 11 1118. etin 11181111. - V. 108. 1188188 1881181
Tulb. 88811. anonym. Trai. 88111188. 18181.811118μ88188811.1“1.11.11118.
718. 111111. 088. 818. 8111188111118· 011811881818811 11. 88118 881, ut
88118111118811.01188.8811881118. 811881 (81 Quid - 8111111- 1111-
1111. 811881. 01118. Amr. 11188 11. cuni), 111 hio interruptionem 1818-
111. 181888. 1118181. (11818 n· 11111. Cuiam ,1. 89 - 108. delei
1811). 11118. Ven. 477. 70. 81. 88. 88. 0818111, 111 1181 1811 8811181148
(8818. 82. 888118118811).1“181. 482. 111181 88118881 existumet. ,,14111,
11181. 491. 98. 502. Nm 18. 111. 188811 81 11111081, 8111 88 peu
08111. 1188.“ ··- V. 104. puppim 81881111
V. 99. Nun 88881. 1111. 111881 88181. 1.1)811.1.2.0811.1.1. 08.
1. 98. 118 811181. 11811 18 1181. 1. 1. iai. 1181. 888118181111888111.
81111 18181 111181. 888. 111 in 1811. ci. 1. 41. - 8188181111 111. 88. (11-

 

