‘265 88111111 118

cautu. 8118 881811 1818881 18888 888181181888 60
8811888188 laqueos 81 opertum 8181111818,
oderunt 8888818 bon· 11118111 811818.

6(81.8.)1’811.1.7.(18811811 88118 81.) 2,8. 8, 8. 6, 8. 7,,1. 0888. 1.
distincte) 1188. 2. 3. (88818 divisim) 11188. 2. (8 1. 11.) 0811181. 01811181.
1181. 6. 888. 0188. 881111. (qul uterq. 11188. 8. 8. 1. ’1. 8818. 811. 1. 1111-
881), quos seq. recentior. 1818 omn„ 1118888811. Ven. 477. 81. 8188811-
8881818188188188118118801811. 888. 888811881111181. phil. 8. 995. et 118.
8. 186. 811188. Fe. negat 818118. 11188. un. 881818. -·- 8888818111. 11181111.
1811188181181811181118811. 888. vulg.. 881118. 88. 1, 8. 8, 8. 7, 8. 88181. 2.
8118111 But. 188. 888811. 8811. Gen 1118811. 11818188. 88. 881111. (181.
011811. 0811111. 888. 0888. 8811. 87, 22. 8818181181 81 1118118811 eun
011818. 8881. renuitque 88381818. 8118888888, gl. 88888818). 888. Mod.
1118. un. 88118. 08811. 11181. 1188 [11] 474. 1188. 477. 79. 88. 86. 118811. 498.
88. Duru. 818 81 8188181 88118181. 8181. 482. 81. 81 88811. 1118. Fe. 1, ιι.
8881. cdd. 18111111 negem legendum 111811. ι. 888. 481. 98. An. 8888811.
88118811 Τ811881. 881 18111111 11881181. 88. 8188. 492. 81 18118 1188 499. 11811.
8118. 1881818118. Ed. princ. 88. 0888. 492. vulgat. 18118111 08888. 480.
Momm-Sabellus: 8188181. 0888. 118.1881.- 81118111. 0188. 8818. 2.
08811. 88811. 8811. et 8888181. 11188 8. 01118. 1, 8-8. 08811. &4- 88181.
1111181.50. Qui 811188 particulam 2.(18111.1.81.1.8. 11811. 1. 1188.
818118 88818881188 sibi pessundant, 81118. 88111. 88181. E. 8. G. An·
188 Poetae 8181888 indigam 111- 1118880111). 88. 81188. 1111181
bunut. 818888 enim 1881, quibua 81888 474. 81 pleriq. 18888118 881. 088. 88
postponi videtur (1111111811. 88 8888. 11.1. 8111111. 18118811). 118. 88 8818.
17, 4.), 88 111888 8181188881 88111 16, 82. 1818188. 1188118881. 1, 81, 3.
quem monstravit 8118118188 88 8811, 0.,881111818. 8188811111. 8, 864. 1111·
4, 107. verissime quoque 88 hnc 81118. 888. vulg. 81111111 et 188. Mu.
18 8188818111 0811811. Heu-mmm 18 888111. 1.1. 8818. G. 1811188. Ρ. Ed.
„NJbb.“ 1841. 1111111118. 8. 252. 81188. Mod. 81474. tammam.
81 Hapsus 18 018811. 81111. 8. 48. 11181188. 0. 08811. 4. De 8881811888,
Quid 88881182 11811111118811111- 888881811881 8888181. 888. 8111888.
m 81 diu 11 81188181 188818 8818- 2. Ambra.. Ρ. 8818. 0. 88111. 01888.
1818881. 8881881111.ι11.1. 0811. 88 Apul. 88 4811. 8. 89. 888118-
81111111. 88 8811. Ing. 111. 2. 0881. 111811 puncto 8181. 8188181 Tartaron.
88 0181111888. 2, 22. 8. 129. 810188. 81 81111181, qui 1. uoq. 88 11888 18818
ad 018. 88111118. 1, 1, 2. 8811. 11888. 18181881.
Τ818. 1. 8. 512. 1062. 81818118 818818.1 1118. 88. (k)
V. 50. 0881111 nam. Μ8. [k. 4. 88. Ρ818. Post 11888 181188, quem
88111.1181.87,22.-18811181. Mon. 811. 88. 188881 11188881. nouom.
b. -1888888[,]1118. 818 88188188 888881. 1118181. 7, 68, 1181181111 088-
8181. 888, 88111. 91118888. 88081. 11811 88881818 111811 1811818188 poem
— 11. 81. 8818881118. Mus. 1188 88188. 8181. 08811. D. 11. G. (8 2. 8.) 888.
(1888. 8. 1181. 181. re. 1, 81. (8 2. 1.8. 11. 4. 018111. (u 18111811.)

 

